treatment  tau  censoring  treated  PS_in_01_09  G1_q05  G1_q10  G1_q50  G0_q05  equip_G1_lt10  equip_G1_lt05  n_equip  mass CO c=0.1  TV CO c=0.1  mass CO c=0.3  TV CO c=0.3  mass CO c=1.0  TV CO c=1.0  mass naive  TV naive
   hormon    5 KM-by-year      339        0.280   0.704   0.781   0.987   0.704          0.000          0.000      469          0.988        0.006          0.965        0.017          0.900        0.049       0.821     0.091
   hormon    5        Cox      339        0.280   0.709   0.790   0.977   0.764          0.000          0.000      469          0.985        0.007          0.959        0.019          0.886        0.053       0.803     0.095
   hormon    7 KM-by-year      339        0.280   0.129   0.486   0.953   0.129          0.000          0.000      469          0.919        0.047          0.835        0.092          0.696        0.160       0.560     0.253
   hormon    7        Cox      339        0.280   0.199   0.331   0.895   0.337          0.096          0.026      469          0.902        0.054          0.802        0.109          0.643        0.193       0.507     0.288
   hormon    8 KM-by-year      339        0.280   0.037   0.040   0.873   0.037          0.369          0.369      469          0.758        0.179          0.654        0.236          0.521        0.311       0.399     0.385
   hormon    8        Cox      339        0.280   0.021   0.072   0.767   0.084          0.343          0.275      469          0.733        0.179          0.613        0.248          0.457        0.330       0.334     0.432
    chemo    5 KM-by-year      580        0.469   0.704   0.781   0.987   0.704          0.000          0.000      775          0.993        0.004          0.979        0.012          0.941        0.035       0.893     0.066
    chemo    5        Cox      580        0.469   0.787   0.849   0.979   0.756          0.000          0.000      775          0.994        0.003          0.982        0.009          0.945        0.028       0.898     0.053
    chemo    7 KM-by-year      580        0.469   0.129   0.486   0.953   0.129          0.000          0.000      775          0.956        0.028          0.906        0.057          0.812        0.115       0.714     0.184
    chemo    7        Cox      580        0.469   0.290   0.429   0.895   0.334          0.000          0.000      775          0.962        0.021          0.907        0.051          0.797        0.111       0.692     0.176
    chemo    8 KM-by-year      580        0.469   0.037   0.040   0.873   0.037          0.172          0.172      775          0.861        0.105          0.792        0.147          0.684        0.197       0.575     0.274
    chemo    8        Cox      580        0.469   0.100   0.206   0.814   0.078          0.084          0.001      775          0.905        0.060          0.819        0.109          0.684        0.181       0.558     0.264

tau = 10 (excluded): 5th percentile of G1(10|X) = 2.65e-07, of G0(10|X) = 3.60e-05
